0 0.566146 0.861574 0.034375 0.052778
0 0.383333 0.820370 0.029167 0.057407
0 0.591146 0.918056 0.038542 0.052778
0 0.674479 0.946296 0.045833 0.061111
0 0.622917 0.859722 0.044792 0.063889
0 0.543229 0.807407 0.031250 0.044444
0 0.626823 0.977778 0.044271 0.040741
2 0.301042 0.557870 0.029167 0.091667
2 0.468229 0.550926 0.046875 0.092593
0 0.323698 0.525926 0.014063 0.025926
0 0.506771 0.730556 0.025000 0.037037
0 0.494792 0.694444 0.025000 0.035185
0 0.477604 0.667130 0.023958 0.032407
0 0.524479 0.768981 0.028125 0.041667
0 0.585417 0.782870 0.036458 0.052778
