0 0.626042 0.962500 0.042708 0.062037
0 0.669271 0.918519 0.043750 0.057407
0 0.565365 0.838426 0.033854 0.049074
0 0.621094 0.835648 0.042188 0.060185
0 0.341927 0.834259 0.026562 0.066667
0 0.589063 0.893519 0.037500 0.050000
0 0.542969 0.787500 0.030729 0.041667
2 0.468229 0.539352 0.055208 0.097222
0 0.583333 0.763889 0.034375 0.050000
0 0.697917 0.975926 0.041667 0.044444
0 0.318750 0.471296 0.012500 0.024074
0 0.496094 0.681481 0.025521 0.037037
0 0.360938 0.672685 0.023958 0.039815
0 0.525000 0.750000 0.027083 0.038889
