0 0.676562 0.902778 0.044792 0.057407
0 0.597396 0.878241 0.037500 0.049074
0 0.643490 0.967130 0.046354 0.062037
0 0.627604 0.824537 0.043750 0.060185
2 0.477083 0.537500 0.056250 0.100926
0 0.574479 0.827315 0.035417 0.049074
0 0.704167 0.967130 0.043750 0.060185
0 0.552344 0.775463 0.029687 0.039815
0 0.341406 0.533333 0.017188 0.027778
0 0.326562 0.635648 0.018750 0.039815
0 0.514323 0.705093 0.026562 0.036111
0 0.533333 0.741204 0.030208 0.037963
0 0.591406 0.752315 0.033854 0.049074
0 0.568750 0.713426 0.030208 0.039815
1 0.480779 0.586611 0.011786 0.018000
2 0.303057 0.457111 0.040854 0.063815
0 0.505385 0.673764 0.023760 0.026991
0 0.541193 0.678167 0.022115 0.039315
0 0.530302 0.653815 0.024750 0.038722
0 0.521721 0.623606 0.024089 0.029917
0 0.488721 0.649708 0.026068 0.034028
0 0.477995 0.619204 0.031021 0.038722
0 0.501758 0.601602 0.019141 0.029333
0 0.445521 0.551208 0.023760 0.032269
0 0.429846 0.524514 0.012870 0.028157
0 0.416909 0.500319 0.017047 0.023861
