0 0.676823 0.902778 0.044271 0.059259
0 0.676823 0.902778 0.044271 0.059259
0 0.645833 0.967593 0.044792 0.062963
0 0.598698 0.878241 0.036979 0.049074
0 0.629427 0.823148 0.043229 0.059259
0 0.575521 0.826389 0.035417 0.047222
0 0.706250 0.964352 0.042708 0.062037
2 0.477604 0.533796 0.058333 0.099074
0 0.553385 0.775463 0.027604 0.039815
0 0.326302 0.621296 0.018229 0.038889
0 0.341146 0.523148 0.015625 0.025926
0 0.592969 0.752315 0.033854 0.047222
0 0.515625 0.704630 0.023958 0.035185
0 0.536198 0.741667 0.027604 0.038889
0 0.645833 0.967593 0.044792 0.062963
0 0.598698 0.878241 0.036979 0.049074
0 0.629427 0.823148 0.043229 0.059259
0 0.575521 0.826389 0.035417 0.047222
0 0.706250 0.964352 0.042708 0.062037
2 0.477604 0.533796 0.058333 0.099074
0 0.553385 0.775463 0.027604 0.039815
0 0.326302 0.621296 0.018229 0.038889
0 0.341146 0.523148 0.015625 0.025926
0 0.592969 0.752315 0.033854 0.047222
0 0.515625 0.704630 0.023958 0.035185
0 0.536198 0.741667 0.027604 0.038889
0 0.569378 0.710231 0.036234 0.046889
0 0.540549 0.675917 0.022651 0.033389
0 0.506115 0.672806 0.025229 0.030444
0 0.530974 0.649069 0.021177 0.020954
0 0.488807 0.646944 0.025229 0.031093
0 0.523240 0.624028 0.025594 0.032407
0 0.478589 0.612574 0.027990 0.037648
0 0.503906 0.598495 0.021917 0.025213
0 0.459477 0.582167 0.025568 0.026889
0 0.444138 0.550731 0.023432 0.029926
0 0.432315 0.521380 0.019391 0.024241
1 0.487263 0.596208 0.011172 0.018806
2 0.301797 0.450093 0.033875 0.062870
