0 0.326042 0.614352 0.016667 0.037963
0 0.576302 0.826852 0.033854 0.046296
0 0.706510 0.964352 0.043229 0.062037
2 0.478385 0.533796 0.057813 0.099074
0 0.647917 0.968519 0.044792 0.061111
0 0.677604 0.903704 0.043750 0.059259
0 0.340625 0.518056 0.015625 0.026852
0 0.554167 0.775000 0.028125 0.040741
0 0.599740 0.878241 0.034896 0.049074
0 0.517708 0.704167 0.022917 0.034259
0 0.592708 0.750926 0.032292 0.046296
0 0.536458 0.741204 0.028125 0.037963
0 0.571615 0.716667 0.030729 0.037037
0 0.543039 0.675722 0.030516 0.033463
0 0.510096 0.674199 0.030807 0.032454
0 0.532057 0.649097 0.026813 0.022824
0 0.490557 0.646056 0.027667 0.024852
0 0.526638 0.624509 0.031370 0.038537
0 0.481289 0.616394 0.031943 0.036509
0 0.507529 0.596870 0.025099 0.030926
0 0.433372 0.524616 0.019964 0.025361
0 0.446206 0.554278 0.023391 0.031944
0 0.460323 0.583435 0.023104 0.025352
0 0.420401 0.502185 0.019333 0.018333
0 0.439195 0.480829 0.015755 0.020083
0 0.428453 0.460602 0.016552 0.019241
0 0.401138 0.458778 0.014547 0.017685
0 0.393313 0.441264 0.009948 0.016694
0 0.409591 0.477208 0.016391 0.019639
2 0.297724 0.442181 0.034250 0.069398
0 0.630469 0.822222 0.043229 0.057407
