2 0.466927 0.540741 0.053646 0.098148
0 0.669010 0.921759 0.044271 0.060185
0 0.343750 0.858796 0.027083 0.069444
0 0.626563 0.965278 0.042708 0.062037
0 0.621094 0.838889 0.042188 0.061111
0 0.565365 0.841204 0.034896 0.049074
0 0.362500 0.689352 0.022917 0.043519
0 0.542188 0.790278 0.031250 0.043519
0 0.588542 0.894907 0.038542 0.052778
0 0.525260 0.752778 0.027604 0.037037
0 0.560937 0.725926 0.031250 0.038889
0 0.582292 0.765741 0.031250 0.048148
0 0.699219 0.975926 0.043229 0.044444
0 0.508073 0.714815 0.021354 0.037037
