0 0.592187 0.921759 0.038542 0.052778
0 0.566927 0.865278 0.034896 0.052778
0 0.675260 0.950926 0.045312 0.061111
0 0.388281 0.846759 0.028646 0.060185
0 0.622917 0.862500 0.045833 0.065741
0 0.542448 0.811111 0.031771 0.046296
2 0.464323 0.548148 0.054688 0.098148
0 0.627344 0.979167 0.042188 0.037963
2 0.300781 0.565278 0.028646 0.095370
0 0.477604 0.669444 0.022917 0.031481
0 0.495312 0.696296 0.025000 0.035185
0 0.524740 0.770370 0.028646 0.040741
0 0.585417 0.785648 0.036458 0.050926
0 0.323958 0.534722 0.014583 0.023148
0 0.506510 0.732870 0.024479 0.036111
