0 0.678646 0.903241 0.043750 0.060185
1 0.493492 0.607407 0.008526 0.025574
2 0.303232 0.443819 0.027984 0.062194
0 0.305633 0.356722 0.014849 0.017019
0 0.306128 0.378139 0.017818 0.022296
0 0.315698 0.408644 0.017156 0.025806
0 0.411695 0.430116 0.015734 0.015139
0 0.393044 0.443282 0.014964 0.016917
0 0.402141 0.460134 0.015500 0.015694
0 0.412823 0.479079 0.024073 0.019324
0 0.429534 0.463185 0.014026 0.018833
0 0.441021 0.483727 0.016094 0.021769
0 0.419768 0.500106 0.020359 0.022250
0 0.432576 0.525546 0.016349 0.024352
0 0.446492 0.551069 0.018557 0.032991
0 0.461734 0.587593 0.021646 0.032204
0 0.505339 0.595838 0.021208 0.033769
0 0.525216 0.624509 0.027391 0.034556
0 0.477065 0.615477 0.027391 0.038491
0 0.491201 0.647681 0.027391 0.035343
0 0.507104 0.672417 0.025625 0.029852
0 0.542891 0.675560 0.026510 0.037694
0 0.539135 0.740745 0.028719 0.032991
0 0.572396 0.713889 0.031250 0.042593
0 0.518229 0.705093 0.023958 0.036111
0 0.594271 0.752315 0.033333 0.049074
0 0.340104 0.512037 0.015625 0.024074
0 0.325781 0.607407 0.017188 0.037037
0 0.707031 0.963426 0.042188 0.060185
2 0.479427 0.533796 0.057813 0.099074
0 0.554688 0.775000 0.028125 0.038889
0 0.631250 0.821759 0.042708 0.058333
0 0.577604 0.826389 0.034375 0.047222
0 0.648438 0.969907 0.045833 0.058333
0 0.601042 0.877315 0.036458 0.049074
0 0.678646 0.903241 0.043750 0.060185
0 0.572396 0.713889 0.031250 0.042593
0 0.518229 0.705093 0.023958 0.036111
0 0.594271 0.752315 0.033333 0.049074
0 0.340104 0.512037 0.015625 0.024074
0 0.325781 0.607407 0.017188 0.037037
0 0.707031 0.963426 0.042188 0.060185
2 0.479427 0.533796 0.057813 0.099074
0 0.554688 0.775000 0.028125 0.038889
0 0.631250 0.821759 0.042708 0.058333
0 0.577604 0.826389 0.034375 0.047222
0 0.648438 0.969907 0.045833 0.058333
0 0.601042 0.877315 0.036458 0.049074
0 0.678646 0.903241 0.043750 0.060185
0 0.572396 0.713889 0.031250 0.042593
0 0.518229 0.705093 0.023958 0.036111
0 0.594271 0.752315 0.033333 0.049074
0 0.340104 0.512037 0.015625 0.024074
0 0.325781 0.607407 0.017188 0.037037
0 0.707031 0.963426 0.042188 0.060185
2 0.479427 0.533796 0.057813 0.099074
0 0.554688 0.775000 0.028125 0.038889
0 0.631250 0.821759 0.042708 0.058333
0 0.577604 0.826389 0.034375 0.047222
0 0.648438 0.969907 0.045833 0.058333
0 0.601042 0.877315 0.036458 0.049074
