0 0.590526 0.754056 0.032292 0.048648
0 0.564643 0.713519 0.037714 0.045574
0 0.533214 0.740690 0.029583 0.035065
1 0.475990 0.584657 0.020615 0.022407
0 0.341927 0.540278 0.017188 0.030556
0 0.326823 0.646296 0.019271 0.042593
0 0.389521 0.441167 0.013625 0.018000
0 0.626823 0.824074 0.042188 0.059259
0 0.595313 0.877778 0.035417 0.048148
0 0.640885 0.963889 0.043229 0.062963
0 0.572396 0.828241 0.034375 0.049074
2 0.475781 0.536111 0.054688 0.098148
0 0.674479 0.904167 0.043750 0.056481
0 0.341927 0.540278 0.017188 0.030556
0 0.326823 0.646296 0.019271 0.042593
0 0.551823 0.775926 0.029687 0.040741
0 0.626823 0.824074 0.042188 0.059259
0 0.595313 0.877778 0.035417 0.048148
0 0.640885 0.963889 0.043229 0.062963
0 0.572396 0.828241 0.034375 0.049074
2 0.475781 0.536111 0.054688 0.098148
0 0.674479 0.904167 0.043750 0.056481
0 0.551823 0.775926 0.029687 0.040741
0 0.406552 0.428560 0.014552 0.015713
0 0.399003 0.459009 0.016391 0.018333
0 0.424690 0.462935 0.014359 0.022259
0 0.407565 0.478810 0.020995 0.024546
0 0.301583 0.362296 0.012573 0.018185
0 0.304245 0.389380 0.017896 0.021593
0 0.318948 0.423278 0.020031 0.025759
2 0.299133 0.457630 0.039932 0.066296
0 0.436089 0.483444 0.013313 0.022796
0 0.416122 0.502949 0.016766 0.024102
0 0.429557 0.524421 0.018490 0.023231
0 0.443977 0.553565 0.026130 0.028926
0 0.500919 0.600454 0.018734 0.024537
0 0.476146 0.615134 0.035250 0.033750
0 0.519901 0.624778 0.025635 0.024981
0 0.526805 0.652606 0.022182 0.028046
0 0.487732 0.647787 0.028839 0.026296
0 0.505357 0.671449 0.026130 0.028046
0 0.539622 0.677366 0.028099 0.029361
0 0.512878 0.705194 0.028349 0.035056
0 0.704661 0.967259 0.051031 0.063981
