2 0.301117 0.451500 0.034214 0.068130
0 0.592187 0.752315 0.033333 0.047222
0 0.570052 0.714352 0.031771 0.039815
0 0.535417 0.742130 0.029167 0.037963
0 0.575000 0.826389 0.034375 0.047222
2 0.477344 0.533796 0.056771 0.099074
0 0.515625 0.705556 0.023958 0.035185
0 0.629167 0.823611 0.043750 0.060185
0 0.645052 0.967130 0.044271 0.062037
0 0.676823 0.903241 0.044271 0.058333
0 0.705729 0.964352 0.042708 0.062037
0 0.341146 0.525000 0.014583 0.025926
0 0.326042 0.624074 0.018750 0.040741
0 0.552865 0.775463 0.027604 0.041667
0 0.598958 0.877778 0.036458 0.050000
1 0.485516 0.593593 0.011719 0.018148
0 0.438143 0.481736 0.015120 0.026602
0 0.418411 0.499843 0.013208 0.023204
0 0.432018 0.524032 0.016547 0.022917
0 0.445865 0.552329 0.024187 0.029139
0 0.459630 0.583449 0.021802 0.025176
0 0.477638 0.613704 0.031943 0.041574
0 0.505589 0.595199 0.023385 0.028898
0 0.521706 0.623343 0.021391 0.029407
0 0.490044 0.645398 0.028234 0.023833
0 0.529677 0.649199 0.021365 0.023324
0 0.508870 0.672019 0.027667 0.030426
0 0.541529 0.675060 0.027953 0.037528
