0 0.409870 0.430301 0.011979 0.018250
1 0.491458 0.606481 0.012094 0.025463
0 0.678646 0.902778 0.043750 0.059259
0 0.576823 0.826852 0.033854 0.046296
0 0.554427 0.775000 0.028646 0.040741
0 0.647917 0.968519 0.045833 0.061111
2 0.478906 0.533796 0.058854 0.097222
0 0.706771 0.963889 0.042708 0.061111
0 0.631250 0.821759 0.043750 0.058333
0 0.600260 0.877778 0.036979 0.048148
0 0.325521 0.610185 0.016667 0.037037
0 0.340365 0.515741 0.015104 0.024074
0 0.516146 0.704630 0.026042 0.035185
0 0.571615 0.713426 0.031771 0.043519
0 0.594271 0.752778 0.034375 0.048148
0 0.536719 0.741667 0.029687 0.038889
0 0.433073 0.523148 0.015104 0.022222
0 0.545635 0.676227 0.033083 0.031435
0 0.509409 0.673435 0.025099 0.027889
0 0.530659 0.649097 0.021391 0.024843
0 0.523245 0.621718 0.022531 0.026880
0 0.505990 0.594593 0.021104 0.021296
0 0.479320 0.616139 0.025380 0.030926
0 0.493297 0.650366 0.022531 0.025361
0 0.462208 0.586477 0.023104 0.022306
0 0.317031 0.410782 0.013406 0.024843
0 0.447518 0.551486 0.023964 0.027380
0 0.439247 0.484556 0.015401 0.025352
0 0.418711 0.501796 0.013693 0.020278
0 0.409156 0.477208 0.015115 0.021806
0 0.428693 0.461741 0.014833 0.023333
0 0.402313 0.461236 0.017969 0.015213
0 0.394182 0.441713 0.015406 0.019778
2 0.300716 0.444653 0.031089 0.063898
