0 0.628385 0.824074 0.044271 0.059259
0 0.341406 0.528241 0.015104 0.026852
0 0.575000 0.826389 0.034375 0.047222
0 0.704948 0.964815 0.043229 0.061111
0 0.598698 0.878241 0.035937 0.049074
2 0.477083 0.535648 0.055208 0.099074
0 0.644010 0.967130 0.045312 0.062037
0 0.676823 0.903241 0.044271 0.058333
0 0.552344 0.775463 0.029687 0.041667
0 0.326042 0.627778 0.017708 0.040741
0 0.534635 0.740741 0.029687 0.037037
0 0.569531 0.714352 0.030729 0.039815
0 0.515885 0.704630 0.023438 0.035185
0 0.505729 0.673148 0.023958 0.033333
0 0.591406 0.751852 0.033854 0.048148
1 0.484661 0.593569 0.011417 0.017120
2 0.306458 0.456106 0.033333 0.062769
0 0.540445 0.676079 0.028651 0.029139
0 0.532328 0.650472 0.025146 0.025463
0 0.489518 0.646231 0.023870 0.026037
0 0.523734 0.622324 0.023552 0.030833
0 0.480924 0.618787 0.033422 0.037352
0 0.504081 0.601954 0.017984 0.030833
0 0.459758 0.585259 0.022599 0.026315
0 0.447740 0.553574 0.026896 0.036500
0 0.430076 0.523157 0.017349 0.020370
0 0.417424 0.502648 0.011464 0.018389
