0 0.514844 0.704630 0.025521 0.037037
0 0.569271 0.713889 0.030208 0.040741
0 0.505208 0.672222 0.023958 0.033333
0 0.541281 0.672769 0.027875 0.033259
0 0.529065 0.647991 0.020234 0.023074
0 0.487255 0.649690 0.029021 0.031898
0 0.477516 0.615069 0.030167 0.026472
0 0.520664 0.621176 0.017943 0.031907
1 0.481018 0.588412 0.011047 0.018009
2 0.304766 0.454153 0.043740 0.062824
0 0.430102 0.525463 0.016755 0.024222
0 0.445112 0.552139 0.023568 0.026519
0 0.456987 0.583074 0.020807 0.028148
0 0.504128 0.596986 0.020068 0.023898
0 0.676562 0.903241 0.044792 0.056481
0 0.627865 0.824537 0.043229 0.060185
0 0.597396 0.878241 0.037500 0.049074
2 0.476823 0.538426 0.055729 0.100926
0 0.643750 0.967130 0.044792 0.062037
0 0.552604 0.775463 0.029167 0.041667
0 0.574219 0.826852 0.034896 0.048148
0 0.704688 0.966204 0.043750 0.062037
0 0.341667 0.530556 0.015625 0.025926
0 0.326042 0.631944 0.018750 0.041667
0 0.533854 0.741667 0.029167 0.038889
0 0.591146 0.751389 0.033333 0.049074
