0 0.521305 0.621329 0.022797 0.028028
0 0.481359 0.617356 0.032385 0.049620
0 0.504794 0.601829 0.020880 0.026139
0 0.646615 0.968519 0.045312 0.061111
0 0.432677 0.524370 0.019385 0.025759
0 0.418828 0.500509 0.015979 0.025000
0 0.677604 0.903704 0.044792 0.059259
0 0.445247 0.553917 0.022370 0.031815
2 0.478125 0.534259 0.057292 0.098148
0 0.575781 0.826389 0.033854 0.047222
0 0.706510 0.964815 0.043229 0.061111
0 0.630208 0.822222 0.043750 0.057407
0 0.553646 0.775000 0.028125 0.040741
0 0.340625 0.520370 0.014583 0.025926
0 0.599740 0.878241 0.035937 0.049074
0 0.326042 0.617593 0.017708 0.038889
0 0.571354 0.713889 0.031250 0.040741
0 0.516927 0.705093 0.023438 0.034259
0 0.592969 0.750463 0.032813 0.045370
0 0.535677 0.741204 0.028646 0.037963
0 0.677604 0.903704 0.044792 0.059259
0 0.646615 0.968519 0.045312 0.061111
2 0.478125 0.534259 0.057292 0.098148
0 0.575781 0.826389 0.033854 0.047222
0 0.706510 0.964815 0.043229 0.061111
0 0.630208 0.822222 0.043750 0.057407
0 0.553646 0.775000 0.028125 0.040741
0 0.340625 0.520370 0.014583 0.025926
0 0.599740 0.878241 0.035937 0.049074
0 0.326042 0.617593 0.017708 0.038889
0 0.571354 0.713889 0.031250 0.040741
0 0.516927 0.705093 0.023438 0.034259
0 0.592969 0.750463 0.032813 0.045370
0 0.535677 0.741204 0.028646 0.037963
2 0.301672 0.449699 0.027094 0.069065
0 0.507458 0.673227 0.026208 0.027269
0 0.541227 0.675116 0.023859 0.029546
0 0.532172 0.648227 0.021521 0.027269
