0 0.052344 0.537500 0.104688 0.675000
4 0.168750 0.391667 0.087500 0.261111
4 0.700781 0.390278 0.070312 0.225000
1 0.706250 0.445833 0.084375 0.152778
4 0.392969 0.504167 0.154688 0.547222
4 0.522656 0.455556 0.120313 0.427778
1 0.392188 0.655556 0.153125 0.411111
0 0.282813 0.331944 0.131250 0.152778
1 0.165625 0.506944 0.078125 0.175000
1 0.520312 0.561111 0.121875 0.383333
4 0.130469 0.347222 0.042188 0.194444
0 0.767188 0.319444 0.059375 0.133333
1 0.275000 0.401389 0.068750 0.152778
1 0.671875 0.856944 0.171875 0.275000
1 0.576562 0.437500 0.056250 0.219444
0 0.514062 0.308333 0.106250 0.150000
