0 0.494531 0.811111 0.089063 0.144444
0 0.880469 0.244444 0.064062 0.077778
0 0.747656 0.391667 0.076563 0.088889
0 0.882812 0.406944 0.093750 0.108333
0 0.936719 0.606944 0.095312 0.102778
0 0.335938 0.837500 0.087500 0.147222
0 0.396094 0.697222 0.089063 0.133333
0 0.255469 0.918056 0.085938 0.158333
0 0.946875 0.348611 0.078125 0.080556
0 0.110937 0.927778 0.093750 0.144444
0 0.635156 0.101389 0.051562 0.069444
0 0.768750 0.112500 0.068750 0.080556
0 0.246094 0.408333 0.060937 0.111111
0 0.066406 0.772222 0.095312 0.194444
0 0.146875 0.440278 0.065625 0.113889
0 0.657813 0.212500 0.059375 0.075000
0 0.728906 0.051389 0.057813 0.075000
0 0.116406 0.058333 0.045312 0.072222
0 0.034375 0.670833 0.068750 0.141667
0 0.346094 0.509722 0.070312 0.119444
1 0.256070 0.582722 0.063641 0.109500
