0 0.560059 0.472222 0.879883 0.760417
4 0.119629 0.160590 0.077148 0.321181
4 0.310547 0.127604 0.082031 0.255208
4 0.392090 0.072917 0.047852 0.142361
4 0.456543 0.056424 0.071289 0.112847
4 0.699219 0.069444 0.068359 0.114583
4 0.561523 0.051215 0.048828 0.095486
4 0.206055 0.150174 0.062500 0.237847
4 0.618164 0.063368 0.054688 0.078125
4 0.261230 0.140625 0.040039 0.222222
4 0.747070 0.080729 0.052734 0.130208
4 0.986816 0.168403 0.026367 0.190972
4 0.518066 0.062500 0.045898 0.072917
5 0.922236 0.549878 0.091699 0.124097
