0 0.690625 0.276389 0.078125 0.091667
0 0.274219 0.727778 0.089063 0.150000
0 0.334375 0.586111 0.090625 0.138889
0 0.825000 0.125000 0.071875 0.077778
0 0.828125 0.288889 0.093750 0.111111
0 0.434375 0.702778 0.090625 0.150000
0 0.189844 0.808333 0.092188 0.166667
0 0.082031 0.325000 0.064062 0.116667
0 0.972656 0.480556 0.054688 0.100000
0 0.883594 0.494444 0.098437 0.105556
0 0.182031 0.291667 0.060937 0.111111
0 0.891406 0.229167 0.079687 0.086111
0 0.082031 0.950000 0.092188 0.100000
0 0.600781 0.091667 0.060937 0.077778
0 0.046875 0.841667 0.093750 0.188889
0 0.023438 0.665278 0.046875 0.191667
0 0.434375 0.955556 0.093750 0.083333
3 0.196094 0.168056 0.064062 0.113889
1 0.196875 0.498611 0.028125 0.063889
0 0.196094 0.169444 0.064062 0.111111
0 0.284375 0.391667 0.071875 0.127778
