0 0.527344 0.472222 0.841797 0.649306
4 0.243652 0.164931 0.075195 0.267361
4 0.347168 0.148438 0.045898 0.102431
4 0.831055 0.194444 0.062500 0.239583
4 0.616699 0.110243 0.067383 0.123264
4 0.398926 0.130208 0.041992 0.072917
4 0.547363 0.097222 0.051758 0.118056
4 0.670898 0.147569 0.054688 0.100694
4 0.697266 0.128472 0.046875 0.142361
4 0.458984 0.105035 0.060547 0.095486
4 0.982422 0.215278 0.035156 0.256944
4 0.884277 0.198785 0.061523 0.223958
4 0.949219 0.203993 0.046875 0.279514
4 0.740234 0.140625 0.042969 0.118056
4 0.771973 0.192708 0.055664 0.194444
5 0.814463 0.534062 0.088281 0.092465
