0 0.710938 0.263889 0.078125 0.088889
0 0.357812 0.570833 0.087500 0.136111
0 0.846094 0.279167 0.095312 0.113889
0 0.111719 0.940278 0.095312 0.119444
0 0.842969 0.118056 0.064062 0.075000
0 0.296875 0.709722 0.087500 0.147222
0 0.107813 0.315278 0.065625 0.113889
0 0.899219 0.480556 0.095312 0.100000
0 0.980469 0.459722 0.039062 0.080556
0 0.217188 0.791667 0.087500 0.166667
0 0.907813 0.220833 0.078125 0.080556
0 0.456250 0.686111 0.087500 0.144444
0 0.206250 0.281944 0.062500 0.108333
0 0.459375 0.945833 0.096875 0.102778
3 0.221094 0.158333 0.064062 0.111111
0 0.070312 0.820833 0.100000 0.186111
0 0.307812 0.384722 0.068750 0.119444
0 0.036719 0.641667 0.073438 0.211111
1 0.224727 0.492458 0.040359 0.045028
