0 0.727344 0.254167 0.076563 0.086111
0 0.859375 0.108333 0.065625 0.077778
0 0.381250 0.554167 0.087500 0.136111
0 0.138281 0.930556 0.095312 0.133333
0 0.239063 0.773611 0.090625 0.163889
0 0.864062 0.269444 0.096875 0.105556
0 0.915625 0.465278 0.093750 0.102778
0 0.321094 0.694444 0.085938 0.144444
0 0.924219 0.213889 0.076563 0.077778
0 0.988281 0.438889 0.023438 0.072222
0 0.477344 0.669444 0.085938 0.144444
0 0.478125 0.937500 0.090625 0.119444
0 0.232031 0.266667 0.060937 0.105556
0 0.133594 0.302778 0.064062 0.111111
3 0.245312 0.150000 0.062500 0.111111
0 0.639062 0.075000 0.059375 0.072222
3 0.094531 0.801389 0.101562 0.180556
3 0.053906 0.626389 0.095312 0.208333
3 0.331250 0.372222 0.065625 0.122222
