0 0.035156 0.604167 0.070312 0.625000
1 0.375781 0.686111 0.160938 0.438889
4 0.509375 0.477778 0.125000 0.438889
4 0.138281 0.408333 0.092188 0.277778
1 0.703906 0.468056 0.089063 0.158333
1 0.132031 0.533333 0.070312 0.183333
4 0.698438 0.412500 0.071875 0.247222
0 0.260937 0.356944 0.134375 0.175000
1 0.254688 0.437500 0.071875 0.125000
1 0.501563 0.612500 0.115625 0.352778
0 0.767188 0.333333 0.062500 0.138889
4 0.374219 0.526389 0.160938 0.563889
4 0.097656 0.359722 0.042188 0.197222
4 0.250000 0.376389 0.050000 0.186111
1 0.678125 0.875000 0.200000 0.238889
1 0.567969 0.469444 0.064062 0.211111
0 0.429688 0.318056 0.062500 0.125000
0 0.503906 0.319444 0.110937 0.155556
