0 0.672656 0.287500 0.076563 0.091667
0 0.412500 0.719444 0.090625 0.150000
0 0.810156 0.136111 0.070312 0.083333
0 0.055469 0.338889 0.064062 0.116667
0 0.311719 0.601389 0.092188 0.136111
0 0.157031 0.302778 0.064062 0.105556
0 0.167187 0.827778 0.087500 0.166667
0 0.033594 0.855556 0.067187 0.194444
0 0.812500 0.302778 0.096875 0.116667
0 0.868750 0.505556 0.100000 0.111111
0 0.407031 0.966667 0.082812 0.066667
0 0.057813 0.958333 0.090625 0.077778
0 0.248438 0.743056 0.090625 0.152778
0 0.580469 0.100000 0.064062 0.077778
0 0.964063 0.493056 0.071875 0.102778
3 0.170313 0.179167 0.065625 0.113889
3 0.260156 0.395833 0.070312 0.152778
1 0.174094 0.517389 0.047219 0.060833
