4 0.191406 0.361111 0.089063 0.272222
0 0.062500 0.504167 0.125000 0.702778
4 0.732812 0.365278 0.071875 0.236111
4 0.420312 0.472222 0.156250 0.550000
1 0.421875 0.629167 0.153125 0.425000
4 0.547656 0.429167 0.120313 0.430556
0 0.311719 0.305556 0.129688 0.161111
0 0.801562 0.288889 0.059375 0.133333
1 0.182812 0.480556 0.068750 0.177778
1 0.300781 0.386111 0.070312 0.122222
1 0.543750 0.541667 0.121875 0.377778
1 0.739062 0.416667 0.084375 0.155556
4 0.153125 0.315278 0.040625 0.191667
0 0.545312 0.277778 0.109375 0.161111
4 0.298438 0.329167 0.046875 0.180556
1 0.607812 0.423611 0.056250 0.208333
4 0.606250 0.286111 0.065625 0.133333
