0 0.735938 0.295833 0.075000 0.086111
0 0.331250 0.736111 0.084375 0.144444
0 0.869531 0.311111 0.092188 0.105556
0 0.865625 0.151389 0.065625 0.075000
0 0.390625 0.600000 0.087500 0.133333
0 0.484375 0.709722 0.090625 0.141667
0 0.251563 0.813889 0.084375 0.161111
0 0.242188 0.312500 0.059375 0.102778
0 0.930469 0.255556 0.073438 0.077778
0 0.921875 0.506944 0.093750 0.102778
0 0.144531 0.951389 0.089063 0.097222
0 0.145313 0.345833 0.062500 0.108333
0 0.991406 0.476389 0.017188 0.063889
0 0.485938 0.956944 0.090625 0.080556
0 0.756250 0.030556 0.065625 0.061111
0 0.110156 0.843056 0.092188 0.180556
0 0.064062 0.676389 0.093750 0.186111
0 0.646875 0.120833 0.059375 0.075000
3 0.217969 0.090278 0.051562 0.080556
3 0.255469 0.194444 0.064062 0.111111
4 0.256250 0.487500 0.025000 0.075000
0 0.342187 0.415278 0.068750 0.113889
